    unsorted:	 0.004935648211 0.004942021598 0.005016681842 0.004673013989 0.4149206704 0.4543206789 2788.849750 2754.551992 2695.417859 2887.375759 2954.934725 2560.996689 2483.988416 2400.252953 3062.919422 3222.903739 3262.305761 3348.536400 2301.887615 3595.879768 3719.595766 3865.982653 3930.661620 3981.879977 4041.017422 4101.568324 4228.104328 2077.746287 4374.185424 1663.151670 1593.111638 1463.017769 4510.251456 4617.730915 1335.146806 1136.947375 1038.883487 744.3179783 807.7950891 614.3382422 49.03873584 124.4396620 260.1502000 4864.721634 5211.241712 5477.783220 5810.388401 6210.390696 6425.142625 6873.076115 7727.158894 9288.071992 9720.363090 11228.59756 15997.70782 19758.31886 24149.42970 28995.51167 36172.43795 34979.41225 1022405.142
      sorted:	 0.004673013989 0.004935648211 0.004942021598 0.005016681842 0.4149206704 0.4543206789 49.03873584 124.4396620 260.1502000 614.3382422 744.3179783 807.7950891 1038.883487 1136.947375 1335.146806 1463.017769 1593.111638 1663.151670 2077.746287 2301.887615 2400.252953 2483.988416 2560.996689 2695.417859 2754.551992 2788.849750 2887.375759 2954.934725 3062.919422 3222.903739 3262.305761 3348.536400 3595.879768 3719.595766 3865.982653 3930.661620 3981.879977 4041.017422 4101.568324 4228.104328 4374.185424 4510.251456 4617.730915 4864.721634 5211.241712 5477.783220 5810.388401 6210.390696 6425.142625 6873.076115 7727.158894 9288.071992 9720.363090 11228.59756 15997.70782 19758.31886 24149.42970 28995.51167 34979.41225 36172.43795 1022405.142
