    unsorted:	 0.004935648227 0.004942136416 0.005016525657 0.004672897159 0.4149378399 0.4543138164 2788.849670 2754.552006 2695.417665 2887.375622 2954.934805 2560.996581 2483.988312 2400.252869 3062.919484 3222.903625 3262.305765 3348.536269 2301.887601 3595.880100 3719.595416 3865.982189 3930.662087 3981.880237 4041.018065 4101.567945 4228.104358 2077.746239 4374.185807 1663.151514 1593.111619 1463.017803 4510.250277 4617.730551 1335.146201 1136.963826 1038.889794 744.3180196 807.7802226 614.3190821 49.03873153 124.4396685 260.1501049 4864.720197 5211.241895 5477.788840 5810.387261 6210.393841 6425.144265 6873.076266 7727.159945 9288.072337 9720.365786 11228.59911 15998.04332 19759.59166 24149.45112 28995.51896 36172.43795 34977.26832 1022404.746
      sorted:	 0.004672897159 0.004935648227 0.004942136416 0.005016525657 0.4149378399 0.4543138164 49.03873153 124.4396685 260.1501049 614.3190821 744.3180196 807.7802226 1038.889794 1136.963826 1335.146201 1463.017803 1593.111619 1663.151514 2077.746239 2301.887601 2400.252869 2483.988312 2560.996581 2695.417665 2754.552006 2788.849670 2887.375622 2954.934805 3062.919484 3222.903625 3262.305765 3348.536269 3595.880100 3719.595416 3865.982189 3930.662087 3981.880237 4041.018065 4101.567945 4228.104358 4374.185807 4510.250277 4617.730551 4864.720197 5211.241895 5477.788840 5810.387261 6210.393841 6425.144265 6873.076266 7727.159945 9288.072337 9720.365786 11228.59911 15998.04332 19759.59166 24149.45112 28995.51896 34977.26832 36172.43795 1022404.746
