    unsorted:	 0.004935648213 0.004941998197 0.005016686035 0.004673007070 0.4149277276 0.4543250729 2788.849822 2754.551996 2695.417866 2887.375761 2954.934739 2560.996678 2483.988404 2400.252944 3062.919476 3222.903780 3262.305795 3348.536427 2301.887622 3595.879754 3719.595769 3865.982625 3930.661608 3981.879940 4041.017440 4101.568324 4228.104347 2077.746295 4374.185331 1663.151672 1593.111664 1463.017763 4510.251354 4617.731038 1335.146699 1136.946056 1038.883046 744.3179269 807.7941772 614.3373450 49.03873349 124.4396589 260.1501405 4864.721288 5211.241543 5477.782573 5810.388343 6210.388841 6425.141658 6873.075895 7727.158171 9288.071766 9720.362243 11228.59675 15997.68441 19758.23630 24149.41120 28995.51099 36172.43795 34979.30054 1022405.145
      sorted:	 0.004673007070 0.004935648213 0.004941998197 0.005016686035 0.4149277276 0.4543250729 49.03873349 124.4396589 260.1501405 614.3373450 744.3179269 807.7941772 1038.883046 1136.946056 1335.146699 1463.017763 1593.111664 1663.151672 2077.746295 2301.887622 2400.252944 2483.988404 2560.996678 2695.417866 2754.551996 2788.849822 2887.375761 2954.934739 3062.919476 3222.903780 3262.305795 3348.536427 3595.879754 3719.595769 3865.982625 3930.661608 3981.879940 4041.017440 4101.568324 4228.104347 4374.185331 4510.251354 4617.731038 4864.721288 5211.241543 5477.782573 5810.388343 6210.388841 6425.141658 6873.075895 7727.158171 9288.071766 9720.362243 11228.59675 15997.68441 19758.23630 24149.41120 28995.51099 34979.30054 36172.43795 1022405.145
